0.5621
